763 0.519928
645 0.283105
634 0.234652
5232 0.204221
71399 0.404328
3924 0.617599
1059 0.32089
1835 0.294723
2066 0.335227
2969 0.392588
5224 0.52938
1720 0.88542
1669 0.684433
5227 0.498888
7047 0.490816
4920 0.747686
629 0.759603
637 0.910796
1596 0.50189
2704 0.049864
145 0.306917
650 0.756727
546 0.942066
6003 0.932679
4931 0.650027
661 0.257088
1225 0.90415
824 0.351093
9412 0.6161
7427 0.631878
6489 0.234707
2118 0.871318
1501 0.438496
7592 0.466226
71388 0.652256
44 0.921341
16248 0.251651
1172 0.048408
770 0.693183
3415 0.284059
1847 0.984781
1533 0.064012
600 0.194723
7687 0.906641
3850 0.489557
5382 0.563925
2236 0.539795
3531 0.994603
5144 0.947264
4547 0.226644
