107 0.343428
1684 0.089323
3437 0.201583
0 0.414623
1912 0.061871
686 0.028002
348 0.006436
414 0.356484
3980 0.339961
2543 0.482094
698 0.717932
3291 0.847027
946 0.263191
1104 0.003705
3545 0.637339
2111 0.900834
705 0.432176
1078 0.527811
3280 0.032464
2331 0.58393
483 0.583425
2754 0.281491
2081 0.4943
1376 0.34559
1804 0.68877
2730 0.245312
2590 0.966008
563 0.360145
896 0.197668
3162 0.408963
1899 0.889451
1993 0.585857
1505 0.972915
2909 0.808386
637 0.136806
3596 0.929989
271 0.515317
1995 0.884779
1800 0.318775
1733 0.469494
1070 0.998771
824 0.789275
2498 0.325251
2739 0.681209
3363 0.037115
56 0.798463
3320 0.212867
1983 0.056021
373 0.454549
3521 0.824174
